4691 0.0 0.0
4691 12.0 1.0
4691 5.0 1.0
4691 6.0 1.0
4691 21.0 1.0
4691 9.0 1.0
4691 13.0 1.0
4691 11.0 1.0
4691 12.0 2.0
4691 9.0 1.0
4691 0.0 0.0
4691 16.0 1.0
4691 9.0 1.0
4691 11.0 1.0
4691 12.0 1.0
4691 14.0 1.0
4691 7.0 1.0
4691 22.0 2.0
4691 22.0 2.0
4691 13.0 1.0
4691 12.0 1.0
4691 14.0 2.0
4691 9.0 1.0
4691 6.0 1.0
4691 12.0 2.0
4691 11.0 1.0
4691 6.0 1.0
4691 13.0 1.0
4691 7.0 1.0
4691 9.0 1.0
4691 14.0 1.0
4691 14.0 1.0
4691 20.0 2.0
4691 12.0 2.0
4691 14.0 1.0
4691 16.0 3.0
4691 9.0 1.0
4691 12.0 2.0
4691 9.0 1.0
4691 14.0 1.0
4691 15.0 1.0
4691 16.0 2.0
4691 19.0 2.0
4691 7.0 1.0
4691 11.0 1.0
4691 16.0 2.0
4691 10.0 1.0
4691 21.0 2.0
4691 8.0 2.0
4691 8.0 1.0
4691 4.0 1.0
4691 15.0 2.0
4691 1.0 1.0
4691 18.0 1.0
4691 16.0 1.0
4691 13.0 1.0
4691 16.0 2.0
4691 7.0 1.0
4691 18.0 1.0
4691 14.0 1.0
4691 12.0 1.0
4691 9.0 1.0
4691 9.0 2.0
4691 11.0 2.0
4691 15.0 2.0
4691 10.0 1.0
4691 14.0 1.0
4691 11.0 1.0
4691 12.0 2.0
4691 14.0 1.0
4691 13.0 2.0
4691 14.0 2.0
4691 20.0 3.0
4691 10.0 1.0
4691 12.0 1.0
4691 10.0 1.0
4691 4.0 1.0
4691 15.0 1.0
4691 15.0 1.0
4691 5.0 1.0
4691 8.0 1.0
4691 10.0 1.0
4691 8.0 1.0
4691 13.0 1.0
4691 8.0 1.0
4691 14.0 1.0
4691 15.0 2.0
4691 11.0 1.0
4691 10.0 1.0
4691 13.0 1.0
4691 9.0 1.0
4691 6.0 2.0
4691 10.0 1.0
4691 8.0 1.0
4691 10.0 1.0
4691 10.0 1.0
4691 9.0 1.0
4691 8.0 1.0
4691 9.0 1.0
4691 14.0 1.0
4691 5.0 1.0
4691 11.0 1.0
4691 14.0 3.0
4691 9.0 1.0
4691 19.0 1.0
4691 10.0 1.0
4691 4.0 1.0
4691 9.0 1.0
4691 8.0 1.0
4691 15.0 1.0
4691 3.0 1.0
4691 10.0 1.0
4691 16.0 1.0
4691 9.0 2.0
4691 21.0 1.0
4691 7.0 1.0
4691 7.0 2.0
4691 9.0 1.0
4691 14.0 2.0
4691 20.0 2.0
4691 18.0 1.0
4691 16.0 1.0
4691 7.0 1.0
4691 13.0 1.0
4691 12.0 1.0
4691 6.0 1.0
4691 11.0 1.0
4691 13.0 1.0
4691 10.0 1.0
4691 15.0 2.0
4691 12.0 2.0
4691 2.0 1.0
4691 11.0 2.0
4691 10.0 1.0
4691 0.0 0.0
4691 6.0 1.0
4691 12.0 1.0
4691 12.0 1.0
4691 26.0 2.0
4691 12.0 1.0
4691 9.0 1.0
4691 7.0 1.0
4691 9.0 1.0
4691 13.0 1.0
4691 0.0 0.0
4691 23.0 3.0
4691 0.0 0.0
4691 16.0 2.0
4691 9.0 1.0
4691 9.0 1.0
4691 12.0 1.0
4691 12.0 1.0
4691 17.0 2.0
4691 14.0 2.0
4691 9.0 1.0
4691 11.0 1.0
4691 10.0 1.0
4691 18.0 2.0
4691 9.0 1.0
4691 14.0 1.0
4691 12.0 1.0
4691 10.0 1.0
4691 14.0 1.0
4691 7.0 1.0
4691 10.0 1.0
4691 15.0 1.0
4691 4.0 1.0
4691 17.0 2.0
4691 20.0 2.0
4691 6.0 2.0
4691 17.0 1.0
4691 9.0 1.0
4691 18.0 1.0
4691 14.0 1.0
4691 16.0 2.0
4691 8.0 1.0
4691 17.0 2.0
4691 20.0 2.0
4691 18.0 1.0
4691 11.0 1.0
4691 8.0 1.0
4691 9.0 1.0
4691 10.0 1.0
4691 9.0 1.0
4691 10.0 2.0
4691 17.0 1.0
4691 11.0 1.0
4691 17.0 1.0
4691 10.0 1.0
4691 11.0 1.0
4691 15.0 2.0
4691 18.0 1.0
4691 16.0 2.0
4691 14.0 2.0
4691 2.0 1.0
4691 16.0 1.0
4691 14.0 2.0
4691 8.0 1.0
4691 7.0 1.0
4691 16.0 1.0
4691 9.0 1.0
4691 9.0 1.0
4691 16.0 2.0
4691 14.0 2.0
4691 16.0 2.0
4691 15.0 1.0
4691 22.0 2.0
4691 19.0 2.0
4691 9.0 1.0
4691 14.0 2.0
4691 17.0 1.0
4691 12.0 1.0
4691 9.0 1.0
4691 7.0 1.0
4691 18.0 2.0
4691 29.0 2.0
4691 11.0 2.0
4691 13.0 1.0
4691 14.0 1.0
4691 11.0 1.0
4691 11.0 1.0
4691 17.0 2.0
4691 18.0 2.0
4691 7.0 1.0
4691 14.0 1.0
4691 14.0 1.0
4691 11.0 1.0
4691 7.0 1.0
4691 19.0 1.0
4691 14.0 2.0
4691 12.0 1.0
4691 15.0 1.0
4691 16.0 2.0
4691 15.0 2.0
4691 12.0 2.0
4691 6.0 1.0
4691 39.0 3.0
4691 13.0 1.0
4691 7.0 1.0
4691 9.0 1.0
4691 6.0 1.0
4691 7.0 1.0
4691 8.0 1.0
4691 11.0 1.0
4691 4.0 1.0
4691 11.0 2.0
4691 6.0 1.0
4691 20.0 2.0
4691 10.0 1.0
4691 15.0 3.0
4691 8.0 1.0
4691 7.0 1.0
4691 8.0 1.0
4691 13.0 1.0
4691 8.0 1.0
4691 6.0 1.0
4691 14.0 1.0
4691 12.0 1.0
4691 20.0 1.0
4691 34.0 2.0
4691 14.0 2.0
4691 11.0 2.0
4691 15.0 1.0
4691 12.0 1.0
4691 13.0 1.0
4691 9.0 1.0
4691 14.0 1.0
4691 9.0 2.0
4691 18.0 1.0
4691 5.0 1.0
4691 13.0 2.0
4691 13.0 1.0
4691 22.0 3.0
4691 8.0 1.0
4691 11.0 1.0
4691 12.0 1.0
4691 8.0 1.0
4691 15.0 2.0
4691 8.0 1.0
4691 14.0 2.0
4691 3.0 1.0
4691 12.0 1.0
4691 9.0 1.0
4691 8.0 1.0
4691 15.0 2.0
4691 10.0 1.0
4691 14.0 1.0
4691 12.0 1.0
4691 16.0 2.0
4691 9.0 1.0
4691 12.0 2.0
4691 10.0 1.0
4691 10.0 2.0
4691 16.0 1.0
4691 13.0 2.0
4691 9.0 1.0
4691 7.0 1.0
4691 8.0 1.0
4691 15.0 1.0
4691 12.0 1.0
4691 16.0 2.0
4691 12.0 2.0
4691 9.0 2.0
4691 7.0 1.0
4691 17.0 1.0
4691 10.0 2.0
4691 13.0 1.0
4691 10.0 2.0
4691 12.0 1.0
4691 9.0 1.0
4691 13.0 2.0
4691 8.0 2.0
4691 15.0 2.0
4691 27.0 2.0
4691 14.0 1.0
4691 8.0 1.0
4691 3.0 1.0
4691 13.0 1.0
4691 14.0 2.0
4691 5.0 1.0
4691 21.0 2.0
4691 14.0 3.0
4691 12.0 2.0
4691 24.0 2.0
4691 12.0 1.0
4691 15.0 1.0
4691 11.0 1.0
4691 14.0 2.0
4691 14.0 1.0
4691 12.0 2.0
4691 16.0 2.0
4691 9.0 1.0
4691 0.0 0.0
4691 5.0 1.0
4691 19.0 1.0
4691 15.0 2.0
4691 13.0 1.0
4691 12.0 2.0
4691 0.0 0.0
4691 15.0 1.0
4691 6.0 1.0
4691 9.0 1.0
4691 12.0 1.0
4691 10.0 1.0
4691 11.0 1.0
4691 9.0 1.0
4691 6.0 1.0
4691 14.0 2.0
4691 12.0 2.0
4691 11.0 1.0
4691 10.0 1.0
4691 11.0 2.0
4691 11.0 1.0
4691 12.0 2.0
4691 28.0 2.0
4691 11.0 2.0
4691 15.0 2.0
4691 26.0 2.0
4691 8.0 1.0
4691 18.0 2.0
4691 8.0 1.0
4691 9.0 1.0
4691 7.0 1.0
4691 15.0 2.0
4691 6.0 1.0
4691 14.0 2.0
4691 6.0 1.0
4691 13.0 1.0
4691 12.0 2.0
4691 4.0 1.0
4691 18.0 2.0
4691 14.0 1.0
4691 13.0 2.0
4691 14.0 1.0
4691 7.0 1.0
4691 24.0 2.0
4691 8.0 1.0
4691 7.0 2.0
4691 19.0 2.0
4691 10.0 1.0
4691 5.0 2.0
4691 8.0 1.0
4691 13.0 1.0
4691 4.0 1.0
4691 13.0 1.0
4691 6.0 2.0
4691 17.0 1.0
4691 13.0 1.0
4691 10.0 1.0
4691 14.0 1.0
4691 17.0 1.0
4691 10.0 1.0
4691 5.0 1.0
4691 5.0 1.0
4691 12.0 2.0
4691 18.0 2.0
4691 42.0 3.0
4691 15.0 1.0
4691 16.0 2.0
4691 17.0 2.0
4691 9.0 1.0
4691 6.0 2.0
4691 11.0 1.0
4691 6.0 1.0
4691 12.0 1.0
4691 8.0 1.0
4691 11.0 2.0
4691 7.0 1.0
4691 15.0 1.0
4691 26.0 2.0
4691 11.0 1.0
4691 10.0 1.0
4691 11.0 2.0
4691 9.0 1.0
4691 16.0 1.0
4691 4.0 1.0
4691 13.0 2.0
4691 4.0 1.0
4691 14.0 1.0
4691 11.0 2.0
4691 9.0 1.0
4691 4.0 1.0
4691 10.0 1.0
4691 0.0 0.0
4691 16.0 1.0
4691 7.0 1.0
4691 11.0 1.0
4691 9.0 2.0
4691 0.0 0.0
4691 9.0 2.0
4691 12.0 2.0
4691 21.0 2.0
4691 12.0 1.0
4691 16.0 1.0
4691 6.0 1.0
4691 14.0 2.0
4691 6.0 1.0
4691 18.0 1.0
4691 12.0 2.0
4691 4.0 1.0
4691 8.0 1.0
4691 6.0 1.0
4691 23.0 3.0
4691 16.0 2.0
4691 9.0 1.0
4691 11.0 1.0
4691 14.0 1.0
4691 11.0 1.0
4691 4.0 1.0
4691 15.0 1.0
4691 18.0 2.0
4691 15.0 2.0
4691 9.0 1.0
4691 8.0 2.0
4691 19.0 2.0
4691 13.0 1.0
4691 2.0 1.0
4691 6.0 1.0
4691 13.0 1.0
4691 0.0 0.0
4691 7.0 1.0
4691 11.0 1.0
4691 2.0 1.0
4691 5.0 1.0
4691 10.0 1.0
4691 0.0 0.0
4691 17.0 2.0
4691 14.0 1.0
4691 12.0 1.0
4691 2.0 1.0
4691 8.0 2.0
4691 14.0 2.0
4691 9.0 1.0
4691 7.0 1.0
4691 8.0 1.0
4691 10.0 1.0
4691 23.0 2.0
4691 15.0 1.0
4691 11.0 1.0
4691 4.0 1.0
4691 14.0 1.0
4691 9.0 1.0
4691 10.0 1.0
4691 11.0 2.0
4691 16.0 1.0
4691 4.0 1.0
4691 8.0 1.0
4691 13.0 2.0
4691 14.0 2.0
4691 1.0 1.0
4691 10.0 1.0
4691 10.0 1.0
4691 9.0 1.0
4691 5.0 1.0
4691 14.0 1.0
4691 11.0 1.0
4691 9.0 1.0
4691 1.0 1.0
4691 4.0 1.0
4691 13.0 2.0
4691 12.0 2.0
4691 11.0 2.0
4691 9.0 1.0
4691 5.0 1.0
4691 18.0 1.0
4691 8.0 1.0
4691 9.0 1.0
4691 9.0 1.0
4691 11.0 1.0
4691 12.0 1.0
4691 7.0 1.0
4691 3.0 1.0
4691 4.0 1.0
4691 13.0 1.0
4691 8.0 1.0
4691 12.0 1.0
4691 11.0 1.0
4691 8.0 1.0
4691 13.0 1.0
4691 1.0 1.0
4691 13.0 1.0
4691 11.0 1.0
4691 10.0 1.0
4691 13.0 2.0
4691 7.0 1.0
4691 6.0 1.0
4691 16.0 2.0
4691 14.0 2.0
4691 8.0 1.0
4691 17.0 1.0
4691 7.0 1.0
4691 12.0 1.0
4691 12.0 1.0
4691 15.0 2.0
4691 7.0 1.0
4691 10.0 1.0
4691 12.0 1.0
4691 7.0 1.0
4691 11.0 1.0
4691 12.0 2.0
4691 5.0 1.0
4691 22.0 2.0
4691 11.0 1.0
4691 18.0 2.0
4691 6.0 1.0
4691 8.0 1.0
4691 14.0 2.0
4691 6.0 1.0
4691 10.0 2.0
4691 14.0 1.0
4691 2.0 1.0
4691 0.0 0.0
4691 5.0 1.0
4691 15.0 2.0
4691 11.0 1.0
4691 11.0 1.0
4691 2.0 1.0
4691 5.0 1.0
4691 22.0 1.0
4691 20.0 2.0
4691 12.0 1.0
4691 8.0 1.0
4691 11.0 2.0
4691 12.0 1.0
4691 7.0 1.0
4691 20.0 2.0
4691 11.0 1.0
4691 25.0 2.0
4691 8.0 1.0
4691 11.0 1.0
4691 8.0 1.0
4691 9.0 1.0
4691 16.0 2.0
4691 8.0 1.0
4691 10.0 1.0
4691 10.0 1.0
4691 9.0 1.0
4691 5.0 1.0
4691 12.0 1.0
4691 13.0 2.0
4691 7.0 1.0
4691 23.0 2.0
4691 11.0 1.0
4691 2.0 1.0
4691 3.0 1.0
4691 11.0 1.0
4691 11.0 1.0
4691 10.0 2.0
4691 11.0 2.0
4691 13.0 2.0
4691 7.0 1.0
4691 5.0 1.0
4691 6.0 2.0
4691 12.0 1.0
4691 9.0 1.0
4691 16.0 2.0
4691 11.0 2.0
4691 8.0 1.0
4691 0.0 0.0
4691 9.0 1.0
4691 13.0 1.0
4691 15.0 1.0
4691 12.0 1.0
4691 16.0 2.0
4691 10.0 1.0
4691 13.0 1.0
4691 4.0 1.0
4691 11.0 1.0
4691 9.0 1.0
4691 7.0 1.0
4691 11.0 1.0
4691 2.0 1.0
4691 12.0 1.0
4691 13.0 3.0
4691 10.0 2.0
4691 15.0 1.0
4691 13.0 2.0
4691 16.0 2.0
4691 11.0 2.0
4691 9.0 1.0
4691 12.0 1.0
4691 10.0 1.0
4691 25.0 2.0
4691 8.0 1.0
4691 7.0 1.0
4691 7.0 1.0
4691 10.0 1.0
4691 13.0 1.0
4691 9.0 1.0
4691 11.0 2.0
4691 11.0 2.0
4691 12.0 1.0
4691 9.0 1.0
4691 11.0 1.0
4691 14.0 1.0
4691 7.0 1.0
4691 12.0 1.0
4691 14.0 2.0
4691 10.0 1.0
4691 11.0 1.0
4691 10.0 2.0
4691 15.0 1.0
4691 8.0 1.0
4691 16.0 2.0
4691 2.0 1.0
4691 24.0 2.0
4691 19.0 2.0
4691 8.0 1.0
4691 13.0 1.0
4691 15.0 1.0
4691 5.0 2.0
4691 13.0 2.0
4691 16.0 2.0
4691 6.0 1.0
4691 8.0 2.0
4691 8.0 1.0
4691 10.0 2.0
4691 5.0 1.0
4691 7.0 1.0
4691 8.0 1.0
4691 7.0 1.0
4691 11.0 1.0
4691 12.0 1.0
4691 6.0 1.0
4691 14.0 2.0
4691 8.0 1.0
4691 8.0 1.0
4691 6.0 1.0
4691 8.0 1.0
4691 12.0 1.0
4691 19.0 2.0
4691 20.0 2.0
4691 16.0 1.0
4691 4.0 1.0
4691 13.0 1.0
4691 26.0 2.0
4691 8.0 1.0
4691 3.0 1.0
4691 3.0 1.0
4691 14.0 1.0
4691 13.0 2.0
4691 10.0 1.0
4691 15.0 2.0
4691 6.0 1.0
4691 0.0 0.0
4691 12.0 1.0
4691 14.0 2.0
4691 12.0 1.0
4691 13.0 1.0
4691 11.0 1.0
4691 9.0 2.0
4691 18.0 2.0
4691 5.0 1.0
4691 8.0 1.0
4691 11.0 1.0
4691 8.0 2.0
4691 6.0 1.0
4691 5.0 1.0
4691 15.0 1.0
4691 7.0 1.0
4691 11.0 1.0
4691 6.0 1.0
4691 17.0 2.0
4691 6.0 2.0
4691 14.0 1.0
4691 9.0 1.0
4691 8.0 1.0
4691 11.0 1.0
4691 12.0 1.0
4691 16.0 2.0
4691 13.0 1.0
4691 6.0 1.0
4691 16.0 2.0
4691 10.0 1.0
4691 14.0 2.0
4691 13.0 1.0
4691 4.0 1.0
4691 2.0 1.0
4691 2.0 1.0
4691 22.0 4.0
4691 10.0 2.0
4691 11.0 2.0
4691 9.0 2.0
4691 7.0 1.0
4691 14.0 2.0
4691 16.0 2.0
4691 16.0 2.0
4691 12.0 1.0
4691 9.0 2.0
4691 19.0 1.0
4691 20.0 3.0
4691 15.0 2.0
4691 14.0 1.0
4691 5.0 1.0
4691 6.0 2.0
4691 10.0 1.0
4691 6.0 1.0
4691 18.0 1.0
4691 15.0 2.0
4691 8.0 1.0
4691 8.0 1.0
4691 5.0 2.0
4691 5.0 1.0
4691 11.0 1.0
4691 7.0 2.0
4691 8.0 1.0
4691 15.0 2.0
4691 7.0 1.0
4691 5.0 1.0
4691 23.0 2.0
4691 11.0 1.0
4691 17.0 2.0
4691 3.0 1.0
4691 9.0 2.0
4691 24.0 1.0
4691 6.0 2.0
4691 2.0 1.0
4691 6.0 2.0
4691 11.0 2.0
4691 10.0 1.0
4691 19.0 2.0
4691 3.0 1.0
4691 6.0 1.0
4691 9.0 1.0
4691 11.0 2.0
4691 11.0 2.0
4691 10.0 1.0
4691 5.0 1.0
4691 13.0 1.0
4691 16.0 1.0
4691 10.0 1.0
4691 13.0 2.0
4691 13.0 2.0
4691 12.0 2.0
4691 14.0 1.0
4691 18.0 2.0
4691 9.0 1.0
4691 5.0 1.0
4691 7.0 1.0
4691 8.0 1.0
4691 14.0 1.0
4691 12.0 2.0
4691 6.0 2.0
4691 10.0 1.0
4691 0.0 0.0
4691 6.0 1.0
4691 6.0 1.0
4691 10.0 1.0
4691 5.0 1.0
4691 7.0 1.0
4691 11.0 1.0
4691 13.0 2.0
4691 5.0 1.0
4691 9.0 1.0
4691 5.0 1.0
4691 11.0 1.0
4691 13.0 2.0
4691 19.0 2.0
4691 10.0 2.0
4691 20.0 2.0
4691 22.0 2.0
4691 8.0 1.0
4691 15.0 2.0
4691 14.0 2.0
4691 10.0 2.0
4691 2.0 1.0
4691 8.0 1.0
4691 10.0 1.0
4691 14.0 2.0
4691 11.0 1.0
4691 13.0 2.0
4691 10.0 2.0
4691 9.0 1.0
4691 10.0 2.0
4691 14.0 3.0
4691 5.0 1.0
4691 30.0 4.0
4691 9.0 3.0
4691 6.0 1.0
4691 11.0 1.0
4691 12.0 1.0
4691 13.0 1.0
4691 11.0 1.0
4691 34.0 2.0
4691 7.0 1.0
4691 10.0 2.0
4691 14.0 2.0
4691 11.0 1.0
4691 7.0 2.0
4691 5.0 1.0
4691 11.0 1.0
4691 12.0 2.0
4691 9.0 1.0
4691 12.0 1.0
4691 13.0 2.0
4691 7.0 2.0
4691 12.0 1.0
4691 9.0 1.0
4691 6.0 1.0
4691 12.0 1.0
4691 12.0 3.0
4691 7.0 1.0
4691 9.0 2.0
4691 15.0 1.0
4691 7.0 1.0
4691 11.0 2.0
4691 10.0 2.0
4691 5.0 1.0
4691 15.0 2.0
4691 16.0 1.0
4691 9.0 1.0
4691 10.0 1.0
4691 1.0 1.0
4691 18.0 2.0
4691 16.0 1.0
4691 13.0 2.0
4691 2.0 1.0
4691 23.0 1.0
4691 4.0 1.0
4691 10.0 1.0
4691 5.0 1.0
4691 13.0 1.0
4691 12.0 2.0
4691 7.0 1.0
4691 10.0 2.0
4691 0.0 0.0
4691 13.0 2.0
4691 15.0 2.0
4691 11.0 2.0
4691 9.0 1.0
4691 12.0 1.0
4691 11.0 1.0
4691 7.0 1.0
4691 12.0 2.0
4691 8.0 2.0
4691 13.0 2.0
4691 2.0 1.0
4691 14.0 2.0
4691 11.0 1.0
4691 17.0 2.0
4691 5.0 1.0
4691 13.0 2.0
4691 14.0 2.0
4691 6.0 1.0
4691 0.0 0.0
4691 12.0 1.0
4691 9.0 1.0
4691 13.0 3.0
4691 11.0 1.0
4691 18.0 2.0
4691 11.0 2.0
4691 5.0 1.0
4691 17.0 1.0
4691 16.0 1.0
4691 11.0 1.0
4691 10.0 2.0
4691 6.0 1.0
4691 7.0 1.0
4691 8.0 1.0
4691 15.0 2.0
4691 8.0 1.0
4691 6.0 1.0
4691 14.0 2.0
4691 8.0 1.0
4691 10.0 1.0
4691 11.0 1.0
4691 6.0 1.0
4691 21.0 2.0
4691 5.0 1.0
4691 7.0 1.0
4691 6.0 1.0
4691 11.0 1.0
4691 8.0 2.0
4691 12.0 1.0
4691 6.0 1.0
4691 6.0 1.0
4691 15.0 2.0
4691 9.0 1.0
4691 23.0 3.0
4691 12.0 2.0
4691 16.0 1.0
4691 12.0 2.0
4691 11.0 1.0
4691 16.0 2.0
4691 11.0 1.0
4691 19.0 2.0
4691 4.0 1.0
4691 5.0 1.0
4691 11.0 1.0
4691 12.0 2.0
4691 14.0 1.0
4691 8.0 2.0
4691 9.0 1.0
4691 11.0 1.0
4691 2.0 1.0
4691 14.0 1.0
4691 11.0 1.0
4691 21.0 3.0
4691 19.0 2.0
4691 9.0 1.0
4691 13.0 2.0
4691 13.0 2.0
4691 13.0 1.0
4691 12.0 3.0
4691 11.0 2.0
4691 13.0 1.0
4691 8.0 1.0
4691 12.0 2.0
4691 43.0 3.0
4691 10.0 1.0
4691 16.0 2.0
4691 14.0 2.0
4691 7.0 1.0
4691 9.0 1.0
4691 8.0 1.0
4691 12.0 2.0
4691 15.0 1.0
4691 22.0 2.0
4691 13.0 1.0
4691 11.0 1.0
4691 14.0 1.0
4691 8.0 1.0
4691 12.0 1.0
4691 6.0 1.0
4691 12.0 1.0
4691 9.0 2.0
4691 19.0 3.0
4691 1.0 1.0
4691 12.0 1.0
4691 10.0 2.0
4691 7.0 1.0
4691 2.0 1.0
4691 17.0 1.0
4691 16.0 2.0
4691 7.0 1.0
4691 8.0 1.0
4691 10.0 1.0
4691 13.0 2.0
4691 9.0 1.0
4691 6.0 1.0
4691 0.0 0.0
4691 0.0 0.0
4691 10.0 1.0
4691 8.0 1.0
4691 6.0 1.0
4691 11.0 1.0
4691 12.0 1.0
4691 8.0 1.0
4691 8.0 2.0
4691 19.0 3.0
4691 20.0 2.0
4691 8.0 1.0
4691 14.0 1.0
4691 8.0 1.0
4691 8.0 1.0
4691 14.0 1.0
4691 6.0 1.0
4691 9.0 1.0
4691 21.0 1.0
4691 13.0 1.0
4691 11.0 1.0
4691 10.0 1.0
4691 7.0 1.0
4691 12.0 2.0
4691 14.0 1.0
4691 17.0 1.0
4691 13.0 1.0
4691 18.0 2.0
4691 7.0 1.0
4691 11.0 1.0
4691 13.0 2.0
4691 11.0 2.0
4691 14.0 1.0
4691 1.0 1.0
4691 13.0 1.0
4691 14.0 1.0
4691 13.0 1.0
4691 10.0 1.0
4691 7.0 1.0
4691 11.0 1.0
4691 0.0 0.0
4691 7.0 1.0
4691 9.0 1.0
4691 15.0 2.0
4691 9.0 1.0
4691 9.0 1.0
4691 8.0 1.0
4691 7.0 1.0
4691 10.0 1.0
4691 11.0 1.0
4691 8.0 1.0
4691 8.0 1.0
4691 17.0 2.0
4691 7.0 2.0
4691 7.0 1.0
4691 10.0 1.0
4691 12.0 1.0
4691 10.0 1.0
4691 17.0 1.0
4691 10.0 2.0
4691 25.0 2.0
4691 9.0 1.0
4691 0.0 0.0
4691 6.0 2.0
4691 12.0 1.0
4691 16.0 2.0
4691 6.0 1.0
4691 14.0 3.0
4691 7.0 1.0
4691 11.0 1.0
4691 18.0 1.0
4691 7.0 1.0
4691 11.0 2.0
4691 6.0 1.0
4691 14.0 1.0
4691 7.0 1.0
4691 8.0 1.0
4691 9.0 1.0
4691 7.0 1.0
4691 5.0 1.0
4691 9.0 1.0
4691 10.0 1.0
4691 21.0 3.0
4691 16.0 1.0
4691 19.0 2.0
4691 7.0 1.0
4691 10.0 1.0
4691 15.0 1.0
4691 14.0 1.0
4691 10.0 1.0
4691 6.0 1.0
4691 19.0 1.0
4691 14.0 1.0
4691 13.0 2.0
4691 15.0 1.0
4691 8.0 1.0
4691 10.0 1.0
4691 16.0 1.0
4691 14.0 1.0
4691 14.0 1.0
4691 13.0 2.0
4691 14.0 3.0
4691 7.0 1.0
4691 3.0 1.0
4691 13.0 1.0
4691 18.0 1.0
4691 9.0 1.0
4691 15.0 2.0
4691 8.0 1.0
4691 7.0 1.0
4691 11.0 1.0
4691 15.0 1.0
4691 9.0 1.0
4691 18.0 1.0
4691 12.0 2.0
4691 12.0 1.0
4691 9.0 1.0
4691 12.0 2.0
4691 7.0 1.0
4691 14.0 1.0
4691 10.0 1.0
4691 12.0 1.0
4691 7.0 1.0
4691 12.0 1.0
4691 12.0 2.0
4691 7.0 1.0
4691 11.0 2.0
4691 0.0 0.0
4691 11.0 2.0
4691 7.0 1.0
4691 2.0 1.0
4691 4.0 1.0
4691 9.0 1.0
4691 8.0 1.0
4691 4.0 1.0
4691 11.0 1.0
4691 2.0 1.0
4691 7.0 1.0
4691 11.0 1.0
4691 8.0 2.0
4691 12.0 1.0
4691 7.0 1.0
4691 13.0 2.0
4691 30.0 2.0
4691 9.0 2.0
4691 6.0 1.0
4691 10.0 1.0
4691 10.0 1.0
4691 12.0 1.0
4691 12.0 1.0
4691 9.0 1.0
4691 11.0 1.0
4691 12.0 1.0
4691 8.0 2.0
4691 6.0 2.0
4691 18.0 2.0
4691 11.0 1.0
4691 8.0 1.0
4691 17.0 1.0
4691 22.0 1.0
4691 7.0 1.0
4691 11.0 1.0
4691 18.0 1.0
4691 6.0 1.0
4691 13.0 1.0
4691 0.0 0.0
4691 14.0 2.0
4691 10.0 1.0
4691 13.0 1.0
4691 15.0 1.0
4691 7.0 1.0
4691 11.0 1.0
4691 11.0 1.0
4691 8.0 1.0
4691 5.0 1.0
4691 7.0 1.0
4691 7.0 1.0
4691 8.0 1.0
4691 6.0 1.0
4691 13.0 1.0
4691 6.0 1.0
4691 15.0 2.0
4691 10.0 1.0
4691 11.0 2.0
4691 19.0 2.0
4691 14.0 1.0
4691 7.0 2.0
4691 4.0 1.0
4691 14.0 2.0
4691 11.0 1.0
4691 11.0 1.0
4691 7.0 1.0
4691 7.0 1.0
4691 17.0 2.0
4691 9.0 1.0
4691 28.0 2.0
4691 9.0 1.0
4691 6.0 1.0
4691 11.0 1.0
4691 1.0 1.0
4691 13.0 2.0
4691 15.0 1.0
4691 15.0 1.0
4691 21.0 2.0
4691 6.0 1.0
4691 13.0 1.0
4691 3.0 1.0
4691 20.0 2.0
4691 10.0 2.0
4691 5.0 1.0
4691 12.0 2.0
4691 15.0 2.0
4691 11.0 1.0
4691 11.0 1.0
4691 19.0 2.0
4691 7.0 1.0
4691 9.0 1.0
4691 13.0 1.0
4691 10.0 1.0
4691 10.0 1.0
4691 11.0 1.0
4691 7.0 1.0
4691 14.0 1.0
4691 19.0 2.0
4691 0.0 0.0
4691 11.0 1.0
4691 14.0 1.0
4691 10.0 1.0
4691 14.0 3.0
4691 10.0 1.0
4691 8.0 1.0
4691 7.0 1.0
4691 8.0 1.0
4691 8.0 1.0
4691 8.0 2.0
4691 9.0 1.0
4691 5.0 1.0
4691 7.0 1.0
4691 10.0 1.0
4691 17.0 2.0
4691 12.0 1.0
4691 7.0 1.0
4691 13.0 1.0
4691 16.0 2.0
4691 14.0 1.0
4691 8.0 1.0
4691 8.0 1.0
4691 22.0 2.0
4691 10.0 1.0
4691 23.0 2.0
4691 11.0 2.0
4691 12.0 1.0
4691 12.0 2.0
4691 22.0 3.0
4691 15.0 1.0
4691 12.0 1.0
4691 17.0 1.0
4691 14.0 2.0
4691 13.0 1.0
4691 11.0 1.0
4691 16.0 2.0
4691 6.0 1.0
4691 13.0 1.0
4691 14.0 2.0
4691 12.0 1.0
4691 20.0 2.0
4691 22.0 2.0
4691 10.0 1.0
4691 5.0 1.0
4691 13.0 1.0
4691 2.0 1.0
4691 2.0 1.0
4691 2.0 1.0
4691 20.0 3.0
4691 18.0 2.0
4691 14.0 2.0
4691 9.0 1.0
4691 16.0 3.0
4691 15.0 1.0
4691 8.0 2.0
4691 8.0 1.0
4691 14.0 1.0
4691 27.0 2.0
4691 8.0 1.0
4691 10.0 1.0
4691 3.0 1.0
4691 13.0 2.0
4691 8.0 1.0
4691 12.0 2.0
4691 10.0 1.0
4691 17.0 2.0
4691 13.0 1.0
4691 16.0 2.0
4691 10.0 1.0
4691 10.0 1.0
4691 9.0 1.0
4691 7.0 1.0
4691 11.0 1.0
4691 6.0 1.0
4691 12.0 1.0
4691 15.0 1.0
4691 5.0 1.0
4691 15.0 1.0
4691 6.0 2.0
4691 13.0 1.0
4691 11.0 1.0
4691 17.0 1.0
4691 14.0 2.0
4691 10.0 1.0
4691 9.0 1.0
4691 7.0 1.0
4691 14.0 1.0
4691 13.0 1.0
4691 11.0 1.0
4691 0.0 0.0
4691 7.0 1.0
4691 6.0 1.0
4691 9.0 1.0
4691 10.0 1.0
4691 18.0 1.0
4691 14.0 2.0
4691 6.0 1.0
4691 0.0 0.0
4691 7.0 1.0
4691 14.0 1.0
4691 14.0 3.0
4691 17.0 1.0
4691 13.0 1.0
4691 7.0 1.0
4691 9.0 1.0
4691 10.0 1.0
4691 8.0 2.0
4691 10.0 1.0
4691 12.0 1.0
4691 15.0 2.0
4691 9.0 1.0
4691 9.0 2.0
4691 17.0 2.0
4691 8.0 1.0
4691 15.0 1.0
4691 14.0 1.0
4691 16.0 2.0
4691 11.0 1.0
4691 10.0 1.0
4691 6.0 1.0
4691 6.0 1.0
4691 15.0 1.0
4691 7.0 1.0
4691 4.0 1.0
4691 5.0 1.0
4691 14.0 1.0
4691 7.0 1.0
4691 10.0 1.0
4691 14.0 1.0
4691 25.0 4.0
4691 18.0 2.0
4691 4.0 1.0
4691 20.0 2.0
4691 10.0 1.0
4691 12.0 1.0
4691 19.0 2.0
4691 9.0 1.0
4691 13.0 2.0
4691 10.0 1.0
4691 10.0 1.0
4691 8.0 1.0
4691 12.0 1.0
4691 12.0 1.0
4691 11.0 1.0
4691 13.0 1.0
4691 5.0 1.0
4691 17.0 2.0
4691 7.0 1.0
4691 7.0 1.0
4691 10.0 1.0
4691 18.0 2.0
4691 15.0 2.0
4691 11.0 2.0
4691 11.0 1.0
4691 14.0 1.0
4691 9.0 1.0
4691 9.0 1.0
4691 9.0 1.0
4691 7.0 1.0
4691 8.0 2.0
4691 7.0 1.0
4691 7.0 2.0
4691 6.0 1.0
4691 5.0 1.0
4691 8.0 1.0
4691 3.0 1.0
4691 18.0 2.0
4691 14.0 2.0
4691 15.0 1.0
4691 4.0 1.0
4691 11.0 1.0
4691 7.0 1.0
4691 15.0 1.0
4691 16.0 2.0
4691 8.0 1.0
4691 7.0 1.0
4691 10.0 1.0
4691 18.0 1.0
4691 13.0 1.0
4691 13.0 1.0
4691 10.0 1.0
4691 15.0 2.0
4691 10.0 2.0
4691 8.0 1.0
4691 12.0 1.0
4691 12.0 1.0
4691 8.0 1.0
4691 8.0 1.0
4691 3.0 1.0
4691 15.0 2.0
4691 8.0 1.0
4691 10.0 2.0
4691 9.0 1.0
4691 5.0 1.0
4691 8.0 1.0
4691 6.0 1.0
4691 8.0 1.0
4691 14.0 2.0
4691 19.0 2.0
4691 12.0 1.0
4691 8.0 1.0
4691 14.0 2.0
4691 7.0 1.0
4691 26.0 2.0
4691 15.0 1.0
4691 15.0 1.0
4691 12.0 1.0
4691 13.0 1.0
4691 10.0 2.0
4691 13.0 1.0
4691 13.0 2.0
4691 9.0 2.0
4691 10.0 1.0
4691 16.0 1.0
4691 10.0 1.0
4691 13.0 1.0
4691 8.0 1.0
4691 25.0 2.0
4691 6.0 1.0
4691 8.0 2.0
4691 16.0 2.0
4691 8.0 2.0
4691 10.0 1.0
4691 4.0 1.0
4691 15.0 2.0
4691 9.0 1.0
4691 16.0 1.0
4691 15.0 1.0
4691 7.0 1.0
4691 5.0 1.0
4691 10.0 2.0
4691 12.0 2.0
4691 22.0 2.0
4691 15.0 1.0
4691 7.0 1.0
4691 12.0 2.0
4691 0.0 0.0
4691 7.0 1.0
4691 15.0 1.0
4691 19.0 2.0
4691 8.0 1.0
4691 10.0 2.0
4691 11.0 1.0
4691 9.0 1.0
4691 14.0 2.0
4691 8.0 2.0
4691 18.0 1.0
4691 0.0 0.0
4691 4.0 1.0
4691 13.0 1.0
4691 6.0 1.0
4691 25.0 1.0
4691 17.0 2.0
4691 9.0 1.0
4691 16.0 2.0
4691 18.0 1.0
4691 7.0 1.0
4691 11.0 1.0
4691 9.0 1.0
4691 9.0 1.0
4691 8.0 2.0
4691 12.0 1.0
4691 7.0 1.0
4691 7.0 4.0
4691 4.0 1.0
4691 5.0 1.0
4691 12.0 2.0
4691 10.0 2.0
4691 7.0 1.0
4691 12.0 1.0
4691 13.0 2.0
4691 6.0 1.0
4691 13.0 1.0
4691 13.0 2.0
4691 12.0 2.0
4691 5.0 1.0
4691 0.0 0.0
4691 10.0 1.0
4691 7.0 1.0
4691 14.0 1.0
4691 8.0 1.0
4691 11.0 1.0
4691 13.0 2.0
4691 11.0 3.0
4691 11.0 1.0
4691 14.0 2.0
4691 2.0 1.0
4691 10.0 1.0
4691 16.0 2.0
4691 0.0 0.0
4691 11.0 1.0
4691 10.0 1.0
